2741234
2755579
2721378
2712147
2702842
2613527
3907661
2847304
6608736
2923595
6560544
2754470
2826418
2942251
3501824
2849211
2778219
6614304
2623070
3420480
2584817
2764416
3023767
2616294
6517248
2690249
2762475
3486144
2820696
2754539
3047945
2583992
3912448
2783763
2864719
2819287
2626967
3535424
2616881
2712261
2920757
2806834
2805614
3013934
3053205
2928384
2834606
2935680
3559168
2655386
3048274
2743194
2835319
2931563
2833193
2766155
3052512
2605237
2830725
2940619
3011191
2917771
2799182
2739635
3469088
2797824
2666378
2708750
3477600
2705371
2647321
2924314
2980587
2668672
6588768
2727462
3382784
2784658
2894220
2916480
3864000
2930637
6552480
2922214
3448576
2583473
2776786
2773813
2732640
2965504
2737125
2767189
3008366
2792696
3900544
3024288
2655579
2746933
3020750
2756211
2836594
2856000
6611520
2771362
3471008
3003758
2945178
2682555
2750699
3037495
2827954
3017266
2779162
3026976
2837316
2836306
2929195
6543552
2932203
3543680
2969702
3505824
2855976
2815570
2919008
3489952
2778805
2607424
2762372
3018583
2937574
3031886
2834880
2846702
2752565
2817134
2768085
3877920
2747187
2830327
2720192
2760288
2924064
6585984
2764427
2783931
2747627
6480768
2855785
2902027
3035890
2672427
3347328
2906155
2797632
3004718
2805696
2826693
2941109
2810894
2917461
6568320
2727808
3526848
2625184
6511104
2977577
2850443
2672640
2686453
2825568
2627968
3894080
2894560
2690674
2730645
2831122
2737523
3510432
2583270
3907360
3484256
2915157
6553344
2766246
2764939
2715799
2917621
3161109
2999081
2650613
3915808
2849687
3891168
2702112
3456320
2992471
2849720
3505920
2708917
2766848
3019941
2926298
3897280
3014537
3011849
2640064
3900064
2801307
2759467
2813376
2757739
2750126
2921088
3777446
2772593
3478560
2721472
2819904
2636832
6556128
6584352
2926667
3030583
2643660
3413888
2561257
3458368
2674187
3029376
2832023
6552480
2918389
3496544
2653355
3909984
2650483
2813801
2658665
6584064
2836405
2996023
2634432
3900576
2853560
2710862
2574246
2811662
2915256
3000905
2720695
2731625
2734423
6493440
2900213
6510336
2806958
2584139
6536256
2902528
3018789
2901429
6594336
2745963
3443392
2663371
6594144
3867648
2719770
2717925
2736205
3046190
2771644
2812485
2835196
6533568
2810606
2746944
2781202
3488224
2911936
3014496
2675029
3051154
2663155
2821947
2755467
2988562
2668378
2820878
2776625
2832014
2946027
3020722
2818190
2762825
2953101
3025701
2802459
3473056
2777608
3441280
2588104
2799360
2733606
2824567
2782517
3497536
2788009
3886144
2913269
2871157
3029691
2937792
2855706
2737152
2798508
3499296
2702194
2618202
3396608
3012219
2675979
6539904
2888922
2676045
2818313
2627249
2722533
2775315
2944077
3485536
2778893
2778421
2908405
2831301
2875799
2937038
2788356
2846619
2715755
6070752
2571253
2718514
2661312
6100992
2521626
2589189
2533280
2616741
2745178
3649267
2787095
3824333
3861707
7861440
3535337
6277813
12140544
11567040
6250867
5937013
6276544
5967191
7343616
6239013
6251123
9005376
6234981
6184267
9431136
6256294
6155283
6251767
6216453
12080256
7296864
6281638
5928056
5925627
6171456
9047232
6988954
6198939
6164171
9231936
6239373
6156819
5887954
6155029
9377088
6450464
6186693
5885321
6206182
6202985
7146336
6184293
5975757
7181808
6117205
6855014
9275424
6187131
5845015
8841888
7155840
6199091
6201037
9377376
6853824
6159237
6325376
6192230
6344283
8834880
5803488
6115211
8308608
5882027
8271936
6354624
6225395
6103352
11893440
5874267
6127776
9383424
7187568
6215450
6103070
11941248
6960691
5877202
6140331
8426112
6250381
6121299
11851008
6184759
6120352
6236595
6104120
7194768
9267648
6217280
5852777
6457472
6140352
6034917
9155136
11681472
6178266
5782323
6797568
5869152
6192333
9286464
6147689
6095979
9214848
6140104
11748672
5863049
6073056
8804640
8358720
6071142
11747328
6149719
6112096
9181152
6175433
6339034
9158112
6172941
6113766
11836800
6197965
6094046
11663808
6865536
6203469
5787112
5835456
6179085
6087439
11749632
6136230
6196565
6393952
11649600
6844723
6122970
6068657
11708160
6772301
6142784
5993203
11666880
6160384
6072779
6144000
6149350
8269760
6134963
6154048
9363456
6764966
6088433
11815680
6167859
6045414
9287136
6131259
11786112
6094133
8258016
6167066
5851177
7155984
6121664
5784131
6198235
7189536
6147689
6049051
9349056
5898199
6252192
6418912
7160592
6230669
6114669
6466560
6273933
6292384
5963698
6223488
8575296
5962930
6198507
9023136
6244183
6420774
12182592
7392912
6313907
6347243
12282048
6338227
6224491
6978240
6321242
6001016
9167712
6014455
6220757
8987328
6239794
6158443
9294528
7256832
6056533
6650227
5857920
6061237
8456832
9418368
6298327
6455744
6252262
6300608
12439872
6344614
6476916
8962560
6274766
6402150
11134080
6465472
6392325
6522483
12797376
7070093
6339238
6397707
8725536
6320613
6476403
6152462
6252491
6293376
6049810
6464892
6312806
5943710
9066528
8427072
6246514
6152235
9185376
6185157
6029530
11902272
9311904
5836498
5985984
6851789
6129869
5848738
8315232
6253824
6117030
6273612
9221952
6084178
6221517
6112814
6021120
6220896
6114459
5822729
5859127
5989677
11661120
6083558
6042647
6135654
5832203
6096653
6085734
8935104
5840338
6022432
6052471
6107781
6278784
6109542
5986165
11621376
6067712
6198960
8394912
5835099
5985429
9221280
6269120
6113280
5984584
11585664
6082546
5975776
7083888
6048960
11518080
5959072
7768512
6580032
5940109
6114464
5776814
5933184
6060954
7936800
5966925
6025152
5728817
6029645
5739128
7011888
5951411
5991501
8859072
7041168
8912448
5975731
5717082
5947802
5894571
8278560
6552154
11393280
6008653
5849754
11322624
6468365
5948571
5942304
6027072
6153741
6487949
5828804
5962893
5742336
7966656
5747328
5983770
5843960
11395776
5961037
5714223
5975130
5966566
7658016
6345216
6300019
5744338
5909888
5903437
5912678
5883813
5742034
5974720
5750784
7013760
5916595
5741211
7004544
8761920
5978125
5798694
5953867
5734299
5801737
5871003
6039782
11381952
6312461
5954829
5869085
8430048
5987589
5969390
5990112
5802464
5980375
5831851
8826144
6974880
5992293
5980594
11355456
7009248
8732736
5873306
5727586
5757051
5813333
5890684
6123866
6082016
5804784
5929459
5769186
7020768
5933746
5808672
5930214
5755614
7013184
5806669
5976732
5879219
5777098
5916518
5738627
5899418
6060540
7582272
5925325
5737523
5807752
7374144
5847040
5779460
8295264
5829952
5894750
11326272
5850227
5913826
11440704
5805530
5909218
11446272
7055712
5863019
6045344
5934899
5939789
5785083
5876928
8243424
5808486
7883616
6062400
8192448
5822259
5780058
6189658
5921075
5922125
7376736
5800457
5808713
6035136
6126451
5843763
5738010
5897434
7522944
5911511
11386560
6369715
5851981
6015564
8017344
5755049
5826667
5727195
5903040
5838776
10515264
6468403
7007568
5792599
5928555
5747067
5862189
11419584
7740960
7002960
5729019
5916501
8165280
5974938
5970692
5728731
6598426
5751291
5897931
8201280
5755090
5819029
8310720
7693152
5731282
6008955
11337216
5951603
5870333
5850775
5899118
11402880
5725192
5852779
5596663
5778677
5841902
5727909
5713754
5612999
7036944
5790899
5887782
11462592
7430112
5980768
5796710
5953613
5845670
5761465
9456192
5799475
8085216
5782667
7025808
5695872
7718016
6287962
5611697
5681280
5621530
5964457
5873510
8123904
6004448
5956058
5725045
7684224
7047120
5748247
5927962
11501184
8303328
7067040
5764142
5776105
8233632
7125600
6039621
5915221
9120192
5816091
5960672
9250272
6329568
6096082
6218854
11598528
7138752
6114048
6289178
11683008
6134336
8668128
6157222
8239200
5819026
5928038
6157934
6178765
6174802
6991424
5822510
8827200
5851008
6101493
9196608
5859607
5834440
8891136
7165248
5820055
6106123
9139392
7128288
6868186
6118285
6136085
5830094
6113835
8520768
6877747
6334908
8892192
6197811
6338916
8882112
7179072
6188832
12015744
6207808
9260256
5868809
6131819
8423136
6348640
6202099
6103962
11952000
6184640
6287844
6131369
5803296
6064715
8273472
7098192
6097728
6049568
9050784
6140979
6024282
5780407
5996117
7936224
8455392
6191148
7848672
10873728
6025741
6193908
8697312
7022496
5748823
5892576
8462976
6494554
5911515
5725769
8237184
6178240
5964058
5887322
5914534
8177856
5980443
5695723
8892864
5934391
5845371
11354304
5920243
6045269
9556224
5749070
5893056
8522688
5858560
5940233
5875371
5899853
5761509
7816800
5945280
6111539
11362176
7061904
5763712
5737216
8682336
6046176
5762608
5897088
5925850
8256000
5792717
5891836
7028736
5782683
6067140
5705115
5854182
5887910
5738609
5882342
5702027
5885965
5723588
5873651
5620348
5654362
5744041
5866107
7013616
5625775
8510496
5965024
5667128
5857152
5724219
7513632
5717417
5605664
7559232
5712768
5597728
8439936
6042202
5705938
5656053
7507104
5634560
5626295
8359584
5899648
5607590
5787287
11256000
6984576
5587021
5573033
5789606
5701926
5807168
5665536
7602432
5947488
5797939
5786214
11280384
6035712
5699589
5721557
5895424
5766490
5681920
5768205
5621941
5769792
5686103
5683008
5546778
6930912
5683995
5570592
5743539
5535337
11291136
5574054
5622437
5550938
5647589
5557235
5854477
5769034
5695846
5651723
6956352
5564902
5647488
5747955
5715008
5800498
5672201
5837408
5494758
5673352
6074534
5697723
5657144
11217600
5510950
5520704
8345376
6945072
5517069
5545971
8294496
5936909
5511566
5823680
5690842
5587855
8304288
5574843
5473931
8296704
5461426
5812442
7388544
6809424
5582743
5602827
7770144
6782976
5496315
5607731
11124288
5670707
5494091
5624626
5635040
5459392
5678423
11143872
5638938
5635936
5660262
5538658
5506432
5451635
8311296
5792608
5821440
5450620
5635789
5522767
5476277
5619366
5506533
5498613
8274528
6884016
6858624
5636826
5420081
5615931
5510953
11138112
5454157
5652107
5477466
5561128
5638382
5692109
5356851
5433114
5331813
6694752
5724704
5389862
5598630
10966656
6748464
5366042
5523580
6764112
5458330
5527993
5512457
5543061
7716000
5479104
5577298
5381728
8302080
5534661
5549637
7238304
5533893
5514898
11278848
6996960
5745088
5714784
7806912
6967488
5699973
5539051
7521024
5763826
5907853
5696448
5571083
7312704
5680603
6975840
5709120
5757195
7891872
5590387
7484736
5587341
5610534
5618043
5589614
5924704
5588006
5781978
5720942
5741685
7013472
8355936
6997200
5730569
5754869
7064928
6044045
5618894
5802826
6918000
5802944
5784486
8093376
5620224
5684736
5665738
6970512
7978464
5788301
5594519
10027200
5776461
5918940
8060448
5758810
5932392
8074080
6981312
5620471
5623296
8443584
5797658
5768973
7163808
6049229
5638861
6972912
5687657
5952900
5823662
5631771
6110707
8533344
7008048
5671066
7709088
5686686
5803366
5703586
5793958
5446125
10932096
4836837
5113848
3538086
7642848
3017359
3118042
4571136
4199328
3516864
11229888
3100021
4618272
7760352
3499680
3598903
4307208
3247117
3183909
3236843
3585106
3457515
3629513
3468949
3609010
3505830
3182825
3500032
3637385
3292280
7383744
3472587
3592937
3482891
4595213
3491506
3119040
3303826
3112213
3275890
3512486
4611456
3566427
3649797
3430577
7379424
3009679
3534517
4607552
3487757
3445813
3623479
3450688
3559474
3955904
3176078
3320928
3534784
7375680
3579909
3473808
3631639
3130773
3491122
3312661
3622423
3527834
3645586
3599100
3640677
3167040
3636274
3312045
3613769
3224843
3550450
3089397
3322834
3615336
3188475
3482722
3601481
3522470
7374336
3502792
3208937
3477845
3178299
3558504
3679735
3228235
3590523
3388594
3680955
3487432
3680722
3568923
4012960
3269666
3542990
3487461
3537381
3448885
3340416
3566707
4463270
3434421
3532443
3460363
3179328
3424235
3585559
3455296
4517952
3016969
4605664
3119531
4604288
3343590
7363392
3438980
3555675
3463974
7374240
3464459
3591209
3492000
3586272
3446027
3547392
3455648
3584914
3084096
4634842
3466662
3671534
3296764
3659589
3360136
3202039
3506189
4561498
7563072
3280252
3571035
3529062
4248048
3430217
3294069
7392768
3220018
3964437
3484461
3600727
3466411
3634409
3509545
4621747
3649179
3172672
3682423
3435627
4490304
3618281
3514976
4471603
3463725
3472376
3489376
3673509
3568265
3610341
3153888
4029995
3681669
3474680
3613221
3513291
3571570
3579977
3477448
3352320
3119829
4053856
3487637
4221000
3608503
3574131
4503053
3423181
3194798
3466816
3643995
3160224
3585723
3472416
3664827
3464753
3299904
4570240
3540887
3511093
3502901
3572078
3471514
3572311
3538344
3594254
3466677
3586327
3563616
3598848
3503785
3547763
3578647
3490458
3120084
3292597
7394208
3536555
7428096
3450074
4136416
3593170
3161984
4637120
3289760
4553792
3675538
3277205
4168800
3367307
4467552
3499622
3571817
3500047
7418592
3115360
4598304
3510293
4094549
4470451
3454699
3604951
3507392
3603470
3521037
3555648
3455253
3555648
3442888
3620846
3451315
3198885
3483908
3573120
3483140
3617033
3641916
3604224
3537826
3595145
3546353
3398331
3461990
3211886
3512269
3199941
3401440
3358999
3446379
3710592
3482507
3705778
3494129
3650517
7843584
4020398
5154281
3530328
3283653
3409193
3020939
3228219
3804552
3087014
3064411
3108161
3145253
3642490
3625979
3607484
3701639
3651983
3692042
3688156
3680327
3739818
3678190
3703289
3792492
3208187
2985280
2993587
2992541
2991306
2989585
2994847
2991325
2985781
2985730
2986714
2987254
2989908
2983972
2978713
2974667
2978137
2975862
2974009
2968652
2971076
2974422
2968301
2967839
3187970
3511700
4503275
5721176
6437893
6630343
7120586
7141703
7236748
6979070
7054964
6446557
7147953
5769063
3794001
4355457
3366624
3744636
5690929
6724469
7008997
7209740
7221802
7183454
7152038
7158283
7311255
7160260
7284172
7357972
7127618
6938529
6166195
6169985
5437809
3864720
3330908
3294337
3289321
3314563
3333998
3334741
3296739
3303614
3298652
3356414
3342100
3350117
3597986
3730648
3153234
2759335
2746112
2747755
2755131
3140710
3722347
3726190
3763587
3702883
3714183
3704727
3709441
3729306
3596801
4060821
4259932
4361277
4363748
4364149
4378367
4163739
3722458
3772760
4515192
5924058
6972498
7092375
6638017
7073795
7326928
7208117
6849202
6424441
6519300
5671089
3188420
3595710
4360689
5662123
6005611
6663498
7143949
7091276
7115274
7051001
6965270
6991384
7348685
7189822
7160947
7047596
7234767
7160890
7127050
6238146
5297916
4420007
3734752
3632985
3690724
3664380
3673326
3662608
3716041
3737969
3733060
3729346
3729126
3748249
3720247
3760704
3848144
3652531
3676624
3833857
3436767
3200800
3194450
3189898
3190872
3186662
3186025
3172748
3183824
3185896
3190510
3204321
3208061
3224787
3188416
3253737
3476631
3187427
3123886
3132886
3100036
3104842
